LoZ Wind Waker Barrier Skip	20	30.733333333333334	40	42.333333333333336	60	55.06666666666667	80	67.7	100	116.78333333333333	120	131.2	140	154.95	160	160.43333333333334	180	172.5	200	193.08333333333334	220	200.13333333333333	225	246.23333333333332	230	246.5	240	246.78333333333333
Baba Is We	20	13.333333333333334	40	28.883333333333333	45	43.583333333333336	65	110.16666666666667	85	114.1	90	123.3	110	128.86666666666667	130	192.63333333333333
Team Kronk	20	31.366666666666667	40	51.016666666666666	60	76.86666666666666	80	140.68333333333334	100	153.23333333333332	120	182.53333333333333
https://ter.ps/isthisagoose	5	43.65	25	51.13333333333333	45	51.96666666666667	50	56.083333333333336	70	61.11666666666667	90	78.51666666666667	110	116.05	130	161.38333333333333	140	178.41666666666666	160	185.33333333333334	180	222.01666666666668	200	236.71666666666667	220	246.05
Squadrilaterals	20	11.4	40	28.15	60	31.316666666666666	80	42.38333333333333	100	46.65	120	49.25	140	50.31666666666667	160	75.38333333333334	180	87.56666666666666	200	89.78333333333333	220	109.18333333333334	225	112.25	230	112.63333333333334	240	118.85	260	161.56666666666666	360	227.95
Square pegs	20	32.85	40	51.4	60	61.56666666666667	80	93.78333333333333	85	143.5	105	162.2	110	163.96666666666667	130	172.76666666666668	150	180.65	170	201.83333333333334	180	211.68333333333334	200	225.91666666666666	220	273.3
Epic (Board) Gamers	20	16.9	25	51.983333333333334	30	83.33333333333333	50	96.06666666666666	70	101.68333333333334	90	172.26666666666668	110	215.53333333333333	130	250.8	150	253.8	170	264.75	190	272.01666666666665
😂🤣😂	5	25.133333333333333	25	34.416666666666664	45	69.88333333333334	50	95.36666666666666	70	96.21666666666667	90	96.53333333333333	110	114.18333333333334	130	125.71666666666667	150	167.45	170	169.48333333333332	190	182.53333333333333	200	185.53333333333333	220	204.1	240	258.6166666666667	260	269.71666666666664
methwazord	5	22.916666666666668	25	24.683333333333334	35	26.533333333333335	40	27.016666666666666	60	34.28333333333333	80	45.65	100	62.0	120	68.98333333333333	140	79.91666666666667	160	101.86666666666666	180	108.53333333333333	200	115.83333333333333	220	157.86666666666667	320	228.11666666666667	340	252.26666666666668	360	268.5
😍	20	23.833333333333332	25	49.1	45	71.65	65	91.43333333333334	85	122.66666666666667	90	134.86666666666667	110	150.18333333333334	130	152.4	140	172.25
Teenage Mutant Puzzle Turtles	20	25.666666666666668	40	157.13333333333333	60	163.3	80	167.13333333333333	100	238.86666666666667
Puppy Puzzlers	20	142.95	40	151.7	60	155.88333333333333	80	166.68333333333334	100	261.9
PMANAQ (pronounced manic)	5	62.2	25	85.23333333333333	45	103.1	65	129.36666666666667	85	132.21666666666667	105	161.16666666666666	125	230.06666666666666
Triple Treat	20	58.016666666666666	40	76.05	60	89.5	80	90.73333333333333	85	122.96666666666667	105	180.88333333333333	125	195.06666666666666	145	200.03333333333333	150	224.63333333333333	170	226.95	180	250.33333333333334
Statistics	20	36.083333333333336	40	62.016666666666666	60	63.68333333333333	80	72.28333333333333	100	90.58333333333333	120	97.01666666666667	140	113.95	145	153.1	165	170.91666666666666	170	181.65	180	188.66666666666666
UMD ALERT: Indecent Exposure	20	89.41666666666667	40	332.3	60	92.15	80	93.36666666666666	100	346.3333333333333	105	110.21666666666667	125	378.5	145	145.51666666666668	150	160.15	170	173.88333333333333	190	180.93333333333334	210	198.43333333333334	220	232.55	240	250.78333333333333	260	260.4
The desiderata	20	81.4	40	109.58333333333333	60	178.01666666666668	80	218.6	100	224.91666666666666	120	228.0
Scooby Gang	20	71.0	40	92.2	60	96.46666666666667	80	169.63333333333333	100	173.31666666666666	120	236.76666666666668	140	241.31666666666666
THave	20	33.3	40	53.6	60	69.3	80	103.66666666666667	100	107.0	120	129.35	140	169.05	145	169.4	150	169.96666666666667	160	179.53333333333333	180	198.38333333333333	200	216.61666666666667	220	245.63333333333333	240	254.46666666666667
smallbrain	20	16.316666666666666	25	29.083333333333332	30	29.666666666666668	40	35.6	60	88.08333333333333	80	93.3	100	114.8	120	159.78333333333333	140	197.83333333333334	160	218.43333333333334	180	222.66666666666666	200	261.0
The Aero Gang	20	26.15	40	30.3
Annihilators	5	85.45	10	139.73333333333332	30	379.98333333333335	40	192.73333333333332	60	206.46666666666667	80	219.43333333333334	100	264.28333333333336
Teamname	20	37.766666666666666	40	42.71666666666667	60	48.1	80	51.18333333333333	100	112.71666666666667	120	136.1	140	154.31666666666666	145	158.78333333333333	165	238.03333333333333	185	259.55
